Larval connectivity matrix. Values are number of particles used in numerator of probability calculation
Mark Rowe, NOAA GLERL. Analysis date  2021-03-18
      5040       4145        500          1          0          0          0          0          0          0          0          0          0          0          0          0          0          0          0          0          0          0          0          0          0          0          0          0          0          0          0          0          0          0          0          0          0          0          0          0
       182       2777       1652         41         26          0          0          0          0          0          0          0          0          0          0          0          0          0          0          0          0          0          0          0          0          0          0          0          0          0          0          0          0          0          0          0          0          0          0          0
         0        337      10649        266        104          1          0          0          0          0          0          0          0          0          0          0          0          0          0          0          0          0          0          0          0          0          0          0          0          0          0          0          0          0          0          0          0          0          0         78
         0         49       1617        753        447          1          0          0          0          0          0          0          0          0          0          0          0          0          0          0          0          0          0          0          0          0          0          0          0          0          0          0          0          0          0          0          0          0          0        131
         0          6        297        487       1064         22          0          0          0          0          0          0          0          0          0          0          0          0          0          0          0          0          0          0          0          0          0          0          0          0          0          0          0          0          0          0          0          0          0          9
         0          0          5         13        721        647          2          0          0          0          0          0          0          0          0          0          0          0          0          0          0          0          0          0          0          0          0          0          0          0          0          0          0          0          0          0          0          0          0          1
         0          0          0          0          7        801        679         59          7          0          0          0          0          0          0          0          0          0          0          0          0          0          0          0          0          0          0          0          0          0          0          0          0          0          0          0          0          0          0          0
         0          0          0          0          0          0        240        760        561          4          0          0          0          0          0          0          0          0          0          0          0          0          0          0          0          0          0          0          0          0          0          0          0          0          0          0          0          0          0          0
         0          0          0          0          0          0          0         61        618        267         26          0          0          0          0          0          0          0          0          0          0          0          0          0          0          0          0          0          0          0          0          0          0          0          0          0          0          0          0          0
         0          0          0          0          0          0          0          1         82        421        417         42          0          0          0          0          0          0          0          0          0          0          0          0          0          0          0          0          0          0          0          0          0          0          0          0          0          0          0          0
         0          0          0          0          0          0          0          0          0         58        462        490         38          3          0          0          0          0          0          0          0          0          0          0          0          0          0          0          0          0          0          0          0          0          0          0          0          0          0          0
         0          0          0          0          0          0          0          0          0          0         49        999        653         29          0          0          0          0          0          0          0          0          0          0          0          0          0          0          0          0          0          0          0          0          0          0          0          0          0          0
         0          0          0          0          0          0          0          0          0          0          0        111       1003        607         58          3          0          0          0          0          0          0          0          0          0          0          0          0          0          0          0          0          0          0          0          0          0          0          0          0
         0          0          0          0          0          0          0          0          0          0          0          0         50        426        416        200         43          7          0          0          0          0          0          0          0          0          0          0          0          0          0          0          0          0          0          0          0          0          0          0
         0          0          0          0          0          0          0          0          0          0          0          0          0          1         89        328        256        168         74         21          2          0          0          0          0          0          0          0          0          0          0          0          0          0          0          0          0          0          0          0
         0          0          0          0          0          0          0          0          0          0          0          0          0          0          3        131        384        385        264        186         81          3          0          0          0          0          0          0          0          0          0          0          0          0          0          0          0          0          0          0
         0          0          0          0          0          0          0          0          0          0          0          0          0          0          0          0         31        237        207        359        306         52          8          0          0          0          0          0          0          0          0          0          0          0          0          0          0          0          0          0
         0          0          0          0          0          0          0          0          0          0          0          0          0          0          0          0          0         21         39         45         64         23         12          1          0          0          0          0          0          0          0          0          0          0          0          0          0          0          0          0
         0          0          0          0          0          0          0          0          0          0          0          0          0          0          0          0          0          0         15         41        138        132         66         12          3          6          0          0          0          0          0          0          0          0          0          0          0          0          0          0
         0          0          0          0          0          0          0          0          0          0          0          0          0          0          0          0          0          0          0          6         87        154        174        126         28         23          0          0          0          0          0          0          0          0          0          0          0          0          0          0
         0          0          0          0          0          0          0          0          0          0          0          0          0          0          0          0          0          0          0          0         26        163        166        179        101        111          2          2         11          0          0          0          0          0          0          0          0          0          0          0
         0          0          0          0          0          0          0          0          0          0          0          0          0          0          0          0          0          0          0          0          0         36         15         85         34        159         42         10        159          1         22          2          0          0          0          0          0          0          0          0
         0          0          0          0          0          0          0          0          0          0          0          0          0          0          0          0          0          0          0          0          0          7          2         17          5         31          9          1         18          0          3          0          0          0          0          0          0          0          0          0
         0          0          0          0          0          0          0          0          0          0          0          0          0          0          0          0          0          0          0          0          0          0          0          5          0         13         12          4         20          3         10          1          0          0          0          0          0          0          0          0
         0          0          0          0          0          0          0          0          0          0          0          0          0          0          0          0          0          0          0          0          0          1          0         35         13         89         15          4         65         12          8          1          0          0          0          0          0          0          0          0
         0          0          0          0          0          0          0          0          0          0          0          0          0          0          0          0          0          0          0          0          0          0          0          0          0          8         98         31         58          5         56         12          0          2          0          0          0          0          0          0
         0          0          0          0          0          0          0          0          0          0          0          0          0          0          0          0          0          0          0          0          0          0          0          0          0          1        142        136         11          0          4          4          0          0          0          0          0          0          0          0
         0          0          0          0          0          0          0          0          0          0          0          0          0          0          0          0          0          0          0          0          0          0          0          0          0          5        166        681         94          1        124         75          0          2          0          0          0          0          0          0
         0          0          0          0          0          0          0          0          0          0          0          0          0          0          0          0          0          0          0          0          0          0          0          0          0          1         10          5         64          0        109         49          0          0          0          0          1          0          0          0
         0          0          0          0          0          0          0          0          0          0          0          0          0          0          0          0          0          0          0          0          0          0          0          0          0          8          0          0          5        474          0          0         50          0          0          0          0         10          5          0
         0          0          0          0          0          0          0          0          0          0          0          0          0          0          0          0          0          0          0          0          0          0          0          0          0          0          0          0          4          0        274        313          9         67          7          0          7          0          0          0
         0          0          0          0          0          0          0          0          0          0          0          0          0          0          0          0          0          0          0          0          0          0          0          0          0          0          0          0          3          0         17        117         19        118         58          9         38          3          0          0
         0          0          0          0          0          0          0          0          0          0          0          0          0          0          0          0          0          0          0          0          0          0          0          0          0          0          0          0         70         86          0        127        906        771        368          2        413        617        269         22
         0          0          0          0          0          0          0          0          0          0          0          0          0          0          0          0          0          0          0          0          0          0          0          0          0          0          0          0         10          0          0        456        243       1074       2173       1092       1307        167         20          0
         0          0          0          0          0          0          0          0          0          0          0          0          0          0          0          0          0          0          0          0          0          0          0          0          0          0          0          0          0          0          0          1          0        502      21802      24927       5039        473          2          0
         0          0          0          0          0          0          0          0          0          0          0          0          0          0          0          0          0          0          0          0          0          0          0          0          0          0          0          0          0          0          0          0          0          2       1893       4938         75          3          0          0
         0          0          0          0          0          0          0          0          0          0          0          0          0          0          0          0          0          0          0          0          0          0          0          0          0          0          0          0          0          0          0          5          5        441       1302        453       1940       1294        222         16
         0          0          0          0          0          0          0          0          0          0          0          0          0          0          0          0          0          0          0          0          0          0          0          0          0          0          0          0          2          0          0          5         44         87         23          0         60        627       1018        390
         0          0          6         23          0          0          0          0          0          0          0          0          0          0          0          0          0          0          0          0          0          0          0          0          0          0          0          0          0         30          0          0         19          2          0          0          0         64        454       1235
         0          0        105        199          0          0          0          0          0          0          0          0          0          0          0          0          0          0          0          0          0          0          0          0          0          0          0          0          0          0          0          0          0          0          0          0          0          0        169       1425
