Larval connectivity matrix. Values are number of particles used in denominator of probability calculation
Mark Rowe, NOAA GLERL. Analysis date  2021-03-18
      9700       9700       9700       9700       9700       9700       9700       9700       9700       9700       9700       9700       9700       9700       9700       9700       9700       9700       9700       9700       9700       9700       9700       9700       9700       9700       9700       9700       9700       9700       9700       9700       9700       9700       9700       9700       9700       9700       9700       9700
      4800       4800       4800       4800       4800       4800       4800       4800       4800       4800       4800       4800       4800       4800       4800       4800       4800       4800       4800       4800       4800       4800       4800       4800       4800       4800       4800       4800       4800       4800       4800       4800       4800       4800       4800       4800       4800       4800       4800       4800
     11800      11800      11800      11800      11800      11800      11800      11800      11800      11800      11800      11800      11800      11800      11800      11800      11800      11800      11800      11800      11800      11800      11800      11800      11800      11800      11800      11800      11800      11800      11800      11800      11800      11800      11800      11800      11800      11800      11800      11800
      3900       3900       3900       3900       3900       3900       3900       3900       3900       3900       3900       3900       3900       3900       3900       3900       3900       3900       3900       3900       3900       3900       3900       3900       3900       3900       3900       3900       3900       3900       3900       3900       3900       3900       3900       3900       3900       3900       3900       3900
      2700       2700       2700       2700       2700       2700       2700       2700       2700       2700       2700       2700       2700       2700       2700       2700       2700       2700       2700       2700       2700       2700       2700       2700       2700       2700       2700       2700       2700       2700       2700       2700       2700       2700       2700       2700       2700       2700       2700       2700
      2300       2300       2300       2300       2300       2300       2300       2300       2300       2300       2300       2300       2300       2300       2300       2300       2300       2300       2300       2300       2300       2300       2300       2300       2300       2300       2300       2300       2300       2300       2300       2300       2300       2300       2300       2300       2300       2300       2300       2300
      2700       2700       2700       2700       2700       2700       2700       2700       2700       2700       2700       2700       2700       2700       2700       2700       2700       2700       2700       2700       2700       2700       2700       2700       2700       2700       2700       2700       2700       2700       2700       2700       2700       2700       2700       2700       2700       2700       2700       2700
      2100       2100       2100       2100       2100       2100       2100       2100       2100       2100       2100       2100       2100       2100       2100       2100       2100       2100       2100       2100       2100       2100       2100       2100       2100       2100       2100       2100       2100       2100       2100       2100       2100       2100       2100       2100       2100       2100       2100       2100
      1600       1600       1600       1600       1600       1600       1600       1600       1600       1600       1600       1600       1600       1600       1600       1600       1600       1600       1600       1600       1600       1600       1600       1600       1600       1600       1600       1600       1600       1600       1600       1600       1600       1600       1600       1600       1600       1600       1600       1600
      1600       1600       1600       1600       1600       1600       1600       1600       1600       1600       1600       1600       1600       1600       1600       1600       1600       1600       1600       1600       1600       1600       1600       1600       1600       1600       1600       1600       1600       1600       1600       1600       1600       1600       1600       1600       1600       1600       1600       1600
      2200       2200       2200       2200       2200       2200       2200       2200       2200       2200       2200       2200       2200       2200       2200       2200       2200       2200       2200       2200       2200       2200       2200       2200       2200       2200       2200       2200       2200       2200       2200       2200       2200       2200       2200       2200       2200       2200       2200       2200
      3000       3000       3000       3000       3000       3000       3000       3000       3000       3000       3000       3000       3000       3000       3000       3000       3000       3000       3000       3000       3000       3000       3000       3000       3000       3000       3000       3000       3000       3000       3000       3000       3000       3000       3000       3000       3000       3000       3000       3000
      2300       2300       2300       2300       2300       2300       2300       2300       2300       2300       2300       2300       2300       2300       2300       2300       2300       2300       2300       2300       2300       2300       2300       2300       2300       2300       2300       2300       2300       2300       2300       2300       2300       2300       2300       2300       2300       2300       2300       2300
      1400       1400       1400       1400       1400       1400       1400       1400       1400       1400       1400       1400       1400       1400       1400       1400       1400       1400       1400       1400       1400       1400       1400       1400       1400       1400       1400       1400       1400       1400       1400       1400       1400       1400       1400       1400       1400       1400       1400       1400
      1300       1300       1300       1300       1300       1300       1300       1300       1300       1300       1300       1300       1300       1300       1300       1300       1300       1300       1300       1300       1300       1300       1300       1300       1300       1300       1300       1300       1300       1300       1300       1300       1300       1300       1300       1300       1300       1300       1300       1300
      1800       1800       1800       1800       1800       1800       1800       1800       1800       1800       1800       1800       1800       1800       1800       1800       1800       1800       1800       1800       1800       1800       1800       1800       1800       1800       1800       1800       1800       1800       1800       1800       1800       1800       1800       1800       1800       1800       1800       1800
      1600       1600       1600       1600       1600       1600       1600       1600       1600       1600       1600       1600       1600       1600       1600       1600       1600       1600       1600       1600       1600       1600       1600       1600       1600       1600       1600       1600       1600       1600       1600       1600       1600       1600       1600       1600       1600       1600       1600       1600
       300        300        300        300        300        300        300        300        300        300        300        300        300        300        300        300        300        300        300        300        300        300        300        300        300        300        300        300        300        300        300        300        300        300        300        300        300        300        300        300
       600        600        600        600        600        600        600        600        600        600        600        600        600        600        600        600        600        600        600        600        600        600        600        600        600        600        600        600        600        600        600        600        600        600        600        600        600        600        600        600
       800        800        800        800        800        800        800        800        800        800        800        800        800        800        800        800        800        800        800        800        800        800        800        800        800        800        800        800        800        800        800        800        800        800        800        800        800        800        800        800
      1000       1000       1000       1000       1000       1000       1000       1000       1000       1000       1000       1000       1000       1000       1000       1000       1000       1000       1000       1000       1000       1000       1000       1000       1000       1000       1000       1000       1000       1000       1000       1000       1000       1000       1000       1000       1000       1000       1000       1000
       600        600        600        600        600        600        600        600        600        600        600        600        600        600        600        600        600        600        600        600        600        600        600        600        600        600        600        600        600        600        600        600        600        600        600        600        600        600        600        600
       100        100        100        100        100        100        100        100        100        100        100        100        100        100        100        100        100        100        100        100        100        100        100        100        100        100        100        100        100        100        100        100        100        100        100        100        100        100        100        100
       100        100        100        100        100        100        100        100        100        100        100        100        100        100        100        100        100        100        100        100        100        100        100        100        100        100        100        100        100        100        100        100        100        100        100        100        100        100        100        100
       300        300        300        300        300        300        300        300        300        300        300        300        300        300        300        300        300        300        300        300        300        300        300        300        300        300        300        300        300        300        300        300        300        300        300        300        300        300        300        300
       300        300        300        300        300        300        300        300        300        300        300        300        300        300        300        300        300        300        300        300        300        300        300        300        300        300        300        300        300        300        300        300        300        300        300        300        300        300        300        300
       300        300        300        300        300        300        300        300        300        300        300        300        300        300        300        300        300        300        300        300        300        300        300        300        300        300        300        300        300        300        300        300        300        300        300        300        300        300        300        300
      1200       1200       1200       1200       1200       1200       1200       1200       1200       1200       1200       1200       1200       1200       1200       1200       1200       1200       1200       1200       1200       1200       1200       1200       1200       1200       1200       1200       1200       1200       1200       1200       1200       1200       1200       1200       1200       1200       1200       1200
       300        300        300        300        300        300        300        300        300        300        300        300        300        300        300        300        300        300        300        300        300        300        300        300        300        300        300        300        300        300        300        300        300        300        300        300        300        300        300        300
       700        700        700        700        700        700        700        700        700        700        700        700        700        700        700        700        700        700        700        700        700        700        700        700        700        700        700        700        700        700        700        700        700        700        700        700        700        700        700        700
       700        700        700        700        700        700        700        700        700        700        700        700        700        700        700        700        700        700        700        700        700        700        700        700        700        700        700        700        700        700        700        700        700        700        700        700        700        700        700        700
       400        400        400        400        400        400        400        400        400        400        400        400        400        400        400        400        400        400        400        400        400        400        400        400        400        400        400        400        400        400        400        400        400        400        400        400        400        400        400        400
      4000       4000       4000       4000       4000       4000       4000       4000       4000       4000       4000       4000       4000       4000       4000       4000       4000       4000       4000       4000       4000       4000       4000       4000       4000       4000       4000       4000       4000       4000       4000       4000       4000       4000       4000       4000       4000       4000       4000       4000
      7200       7200       7200       7200       7200       7200       7200       7200       7200       7200       7200       7200       7200       7200       7200       7200       7200       7200       7200       7200       7200       7200       7200       7200       7200       7200       7200       7200       7200       7200       7200       7200       7200       7200       7200       7200       7200       7200       7200       7200
     72300      72300      72300      72300      72300      72300      72300      72300      72300      72300      72300      72300      72300      72300      72300      72300      72300      72300      72300      72300      72300      72300      72300      72300      72300      72300      72300      72300      72300      72300      72300      72300      72300      72300      72300      72300      72300      72300      72300      72300
     16900      16900      16900      16900      16900      16900      16900      16900      16900      16900      16900      16900      16900      16900      16900      16900      16900      16900      16900      16900      16900      16900      16900      16900      16900      16900      16900      16900      16900      16900      16900      16900      16900      16900      16900      16900      16900      16900      16900      16900
      6200       6200       6200       6200       6200       6200       6200       6200       6200       6200       6200       6200       6200       6200       6200       6200       6200       6200       6200       6200       6200       6200       6200       6200       6200       6200       6200       6200       6200       6200       6200       6200       6200       6200       6200       6200       6200       6200       6200       6200
      2600       2600       2600       2600       2600       2600       2600       2600       2600       2600       2600       2600       2600       2600       2600       2600       2600       2600       2600       2600       2600       2600       2600       2600       2600       2600       2600       2600       2600       2600       2600       2600       2600       2600       2600       2600       2600       2600       2600       2600
      2400       2400       2400       2400       2400       2400       2400       2400       2400       2400       2400       2400       2400       2400       2400       2400       2400       2400       2400       2400       2400       2400       2400       2400       2400       2400       2400       2400       2400       2400       2400       2400       2400       2400       2400       2400       2400       2400       2400       2400
      2500       2500       2500       2500       2500       2500       2500       2500       2500       2500       2500       2500       2500       2500       2500       2500       2500       2500       2500       2500       2500       2500       2500       2500       2500       2500       2500       2500       2500       2500       2500       2500       2500       2500       2500       2500       2500       2500       2500       2500
